{
 "cells": [
  {
   "cell_type": "code",
   "execution_count": 12,
   "metadata": {
    "collapsed": false
   },
   "outputs": [
    {
     "name": "stdout",
     "output_type": "stream",
     "text": [
      "(1000, 25)\n",
      "(1000, 25)\n",
      "Target    0\n",
      "A1        0\n",
      "A2        0\n",
      "A3        0\n",
      "A4        0\n",
      "A5        0\n",
      "A6        0\n",
      "A7        0\n",
      "A8        0\n",
      "A9        0\n",
      "A10       0\n",
      "A11       0\n",
      "A12       0\n",
      "A13       0\n",
      "A14       0\n",
      "A15       0\n",
      "A16       0\n",
      "A17       0\n",
      "A8        0\n",
      "A19       0\n",
      "A20       0\n",
      "A21       0\n",
      "A24       0\n",
      "A23       0\n",
      "A22       0\n",
      "dtype: int64\n",
      "   Target  A1    A2  A3  A4  A5  A6  A7  A8  A9 ...   A15  A16  A17  A8  A19  \\\n",
      "0       1  18  1049  21   1   1   1   4   2   1 ...     4    3    1   3    1   \n",
      "1       1   9  2799  36   2   2   1   4   0   1 ...     2    3    1   3    1   \n",
      "2       1  12   841  23   1   1   2   2   9   2 ...     4    3    1   2    1   \n",
      "3       1  12  2122  39   2   2   1   4   0   1 ...     2    3    1   2    1   \n",
      "4       1  12  2171  38   2   1   1   4   0   1 ...     4    1    2   2    1   \n",
      "\n",
      "   A20  A21  A24  A23  A22  \n",
      "0    1    0    2    0    1  \n",
      "1    1    2    3    2    3  \n",
      "2    1    2    3    2    1  \n",
      "3    2    2    2    3    2  \n",
      "4    2    1    3    3    3  \n",
      "\n",
      "[5 rows x 25 columns]\n"
     ]
    },
    {
     "name": "stderr",
     "output_type": "stream",
     "text": [
      "/Users/Jay/anaconda/lib/python3.5/site-packages/sklearn/utils/validation.py:420: DataConversionWarning: Data with input dtype int64 was converted to float64 by StandardScaler.\n",
      "  warnings.warn(msg, DataConversionWarning)\n",
      "/Users/Jay/anaconda/lib/python3.5/site-packages/sklearn/utils/validation.py:420: DataConversionWarning: Data with input dtype int64 was converted to float64 by StandardScaler.\n",
      "  warnings.warn(msg, DataConversionWarning)\n",
      "/Users/Jay/anaconda/lib/python3.5/site-packages/sklearn/utils/validation.py:420: DataConversionWarning: Data with input dtype int64 was converted to float64 by StandardScaler.\n",
      "  warnings.warn(msg, DataConversionWarning)\n"
     ]
    }
   ],
   "source": [
    "#Reading the CSV Files\n",
    "import pandas as pd\n",
    "df = pd.read_csv('Data2.csv')\n",
    "df.columns = ['Target','A1','A2','A3','A4','A5','A6','A7','A8','A9','A10','A11','A12','A13','A14','A15','A16','A17','A8','A19','A20','A21','A24','A23','A22']\n",
    "print(df.shape)\n",
    "df.dropna()\n",
    "print(df.shape)\n",
    "\n",
    "print(df.isnull().sum())\n",
    "\n",
    "\n",
    "import numpy as np\n",
    "class_mapping = {label:idx for idx,label in enumerate(np.unique(df['A21']))}\n",
    "df['A21'] = df['A21'].map(class_mapping)\n",
    "class_mapping = {label:idx for idx,label in enumerate(np.unique(df['A24']))}\n",
    "df['A24'] = df['A24'].map(class_mapping)\n",
    "class_mapping = {label:idx for idx,label in enumerate(np.unique(df['A23']))}\n",
    "df['A23'] = df['A23'].map(class_mapping)\n",
    "class_mapping = {label:idx for idx,label in enumerate(np.unique(df['A22']))}\n",
    "df['A22'] = df['A22'].map(class_mapping)\n",
    "\n",
    "#Deviding the DataSet into Training and Test Sets\n",
    "from sklearn.cross_validation import train_test_split\n",
    "X, y = df.iloc[:, 1:].values, df.iloc[:, 0].values\n",
    "X_train, X_test, y_train, y_test = train_test_split(\n",
    "         X, y, test_size=0.3, random_state=0)\n",
    "\n",
    "import numpy as np\n",
    "X_combined = np.vstack((X_train, X_test))\n",
    "y_combined = np.hstack((y_train, y_test))\n",
    "\n",
    "#Standardization of Features\n",
    "from sklearn.preprocessing import StandardScaler\n",
    "sc = StandardScaler()\n",
    "sc.fit(X_train)\n",
    "X_train_std = sc.transform(X_train)\n",
    "X_test_std = sc.transform(X_test)\n",
    "\n",
    "\n",
    "\n",
    "\n",
    "\n",
    "print(df.head())"
   ]
  },
  {
   "cell_type": "code",
   "execution_count": 6,
   "metadata": {
    "collapsed": false
   },
   "outputs": [
    {
     "name": "stdout",
     "output_type": "stream",
     "text": [
      "MV 0: [ 0.3322  0.1958 -0.1779 -0.1214 -0.0213 -0.5168 -0.3281 -0.006  -0.2572\n",
      " -0.2272  0.1734 -0.1394 -0.0366  0.2158  0.0189 -0.1594 -0.0316  0.036\n",
      " -0.074  -0.1326 -0.0285  0.0214 -0.0758 -0.0234]\n",
      "\n",
      "MV 1: [ 0.3322  0.1958 -0.1779 -0.1214 -0.0213 -0.5168 -0.3281 -0.006  -0.2572\n",
      " -0.2272  0.1734 -0.1394 -0.0366  0.2158  0.0189 -0.1594 -0.0316  0.036\n",
      " -0.074  -0.1326 -0.0285  0.0214 -0.0758 -0.0234]\n",
      "\n"
     ]
    }
   ],
   "source": [
    "np.set_printoptions(precision=4)\n",
    "\n",
    "mean_vecs = []\n",
    "for label in range(0,2):\n",
    "    mean_vecs.append(np.mean(X_train_std[y_train==label], axis=0))\n",
    "    print('MV %s: %s\\n' %(label, mean_vecs[label-1]))"
   ]
  },
  {
   "cell_type": "code",
   "execution_count": 14,
   "metadata": {
    "collapsed": false
   },
   "outputs": [
    {
     "name": "stdout",
     "output_type": "stream",
     "text": [
      "Within-class scatter matrix: 24x24\n"
     ]
    }
   ],
   "source": [
    "d = 24 # number of features\n",
    "S_W = np.zeros((d, d))\n",
    "for label,mv in zip(range(0, 2), mean_vecs):\n",
    "    class_scatter = np.zeros((d, d)) # scatter matrix for each class\n",
    "    for row in X_train_std[y_train == label]:\n",
    "        row, mv = row.reshape(d, 1), mv.reshape(d, 1) # make column vectors\n",
    "        class_scatter += (row-mv).dot((row-mv).T)\n",
    "    S_W += class_scatter                             # sum class scatter matrices\n",
    "\n",
    "print('Within-class scatter matrix: %sx%s' % (S_W.shape[0], S_W.shape[1]))"
   ]
  },
  {
   "cell_type": "code",
   "execution_count": 15,
   "metadata": {
    "collapsed": false
   },
   "outputs": [
    {
     "name": "stdout",
     "output_type": "stream",
     "text": [
      "Class label distribution: [200 500]\n"
     ]
    }
   ],
   "source": [
    "print('Class label distribution: %s' \n",
    "      % np.bincount(y_train)[0:])"
   ]
  },
  {
   "cell_type": "code",
   "execution_count": 16,
   "metadata": {
    "collapsed": false
   },
   "outputs": [
    {
     "name": "stdout",
     "output_type": "stream",
     "text": [
      "Scaled within-class scatter matrix: 24x24\n"
     ]
    }
   ],
   "source": [
    "d = 24 # number of features\n",
    "S_W = np.zeros((d, d))\n",
    "for label,mv in zip(range(0, 2), mean_vecs):\n",
    "    class_scatter = np.cov(X_train_std[y_train==label].T)\n",
    "    S_W += class_scatter\n",
    "print('Scaled within-class scatter matrix: %sx%s' % (S_W.shape[0], S_W.shape[1]))"
   ]
  },
  {
   "cell_type": "code",
   "execution_count": 48,
   "metadata": {
    "collapsed": false
   },
   "outputs": [
    {
     "name": "stdout",
     "output_type": "stream",
     "text": [
      "Between-class scatter matrix: 24x24\n",
      "[[  5.5171e+01   3.2518e+01  -2.9551e+01  -2.0170e+01  -3.5343e+00\n",
      "   -8.5833e+01  -5.4493e+01  -9.9303e-01  -4.2712e+01  -3.7728e+01\n",
      "    2.8803e+01  -2.3158e+01  -6.0787e+00   3.5834e+01   3.1335e+00\n",
      "   -2.6479e+01  -5.2553e+00   5.9782e+00  -1.2295e+01  -2.2027e+01\n",
      "   -4.7398e+00   3.5532e+00  -1.2587e+01  -3.8799e+00]\n",
      " [  3.2518e+01   1.9167e+01  -1.7417e+01  -1.1888e+01  -2.0831e+00\n",
      "   -5.0590e+01  -3.2118e+01  -5.8530e-01  -2.5175e+01  -2.2237e+01\n",
      "    1.6977e+01  -1.3649e+01  -3.5828e+00   2.1121e+01   1.8469e+00\n",
      "   -1.5607e+01  -3.0975e+00   3.5236e+00  -7.2469e+00  -1.2983e+01\n",
      "   -2.7937e+00   2.0943e+00  -7.4189e+00  -2.2868e+00]\n",
      " [ -2.9551e+01  -1.7417e+01   1.5828e+01   1.0803e+01   1.8930e+00\n",
      "    4.5973e+01   2.9187e+01   5.3188e-01   2.2877e+01   2.0208e+01\n",
      "   -1.5427e+01   1.2404e+01   3.2558e+00  -1.9193e+01  -1.6783e+00\n",
      "    1.4183e+01   2.8148e+00  -3.2020e+00   6.5855e+00   1.1798e+01\n",
      "    2.5387e+00  -1.9031e+00   6.7418e+00   2.0781e+00]\n",
      " [ -2.0170e+01  -1.1888e+01   1.0803e+01   7.3738e+00   1.2921e+00\n",
      "    3.1379e+01   1.9922e+01   3.6304e-01   1.5615e+01   1.3793e+01\n",
      "   -1.0530e+01   8.4661e+00   2.2223e+00  -1.3100e+01  -1.1456e+00\n",
      "    9.6803e+00   1.9213e+00  -2.1856e+00   4.4950e+00   8.0527e+00\n",
      "    1.7328e+00  -1.2990e+00   4.6016e+00   1.4184e+00]\n",
      " [ -3.5343e+00  -2.0831e+00   1.8930e+00   1.2921e+00   2.2641e-01\n",
      "    5.4985e+00   3.4908e+00   6.3614e-02   2.7361e+00   2.4169e+00\n",
      "   -1.8451e+00   1.4835e+00   3.8940e-01  -2.2955e+00  -2.0073e-01\n",
      "    1.6963e+00   3.3665e-01  -3.8297e-01   7.8764e-01   1.4111e+00\n",
      "    3.0364e-01  -2.2762e-01   8.0633e-01   2.4855e-01]\n",
      " [ -8.5833e+01  -5.0590e+01   4.5973e+01   3.1379e+01   5.4985e+00\n",
      "    1.3353e+02   8.4777e+01   1.5449e+00   6.6449e+01   5.8696e+01\n",
      "   -4.4810e+01   3.6027e+01   9.4568e+00  -5.5749e+01  -4.8749e+00\n",
      "    4.1194e+01   8.1759e+00  -9.3006e+00   1.9128e+01   3.4268e+01\n",
      "    7.3740e+00  -5.5279e+00   1.9582e+01   6.0361e+00]\n",
      " [ -5.4493e+01  -3.2118e+01   2.9187e+01   1.9922e+01   3.4908e+00\n",
      "    8.4777e+01   5.3822e+01   9.8082e-01   4.2187e+01   3.7264e+01\n",
      "   -2.8449e+01   2.2873e+01   6.0039e+00  -3.5393e+01  -3.0949e+00\n",
      "    2.6153e+01   5.1906e+00  -5.9047e+00   1.2144e+01   2.1756e+01\n",
      "    4.6815e+00  -3.5095e+00   1.2432e+01   3.8321e+00]\n",
      " [ -9.9303e-01  -5.8530e-01   5.3188e-01   3.6304e-01   6.3614e-02\n",
      "    1.5449e+00   9.8082e-01   1.7874e-02   7.6878e-01   6.7908e-01\n",
      "   -5.1843e-01   4.1682e-01   1.0941e-01  -6.4498e-01  -5.6400e-02\n",
      "    4.7660e-01   9.4590e-02  -1.0760e-01   2.2130e-01   3.9646e-01\n",
      "    8.5312e-02  -6.3954e-02   2.2656e-01   6.9834e-02]\n",
      " [ -4.2712e+01  -2.5175e+01   2.2877e+01   1.5615e+01   2.7361e+00\n",
      "    6.6449e+01   4.2187e+01   7.6878e-01   3.3066e+01   2.9208e+01\n",
      "   -2.2298e+01   1.7928e+01   4.7059e+00  -2.7742e+01  -2.4258e+00\n",
      "    2.0499e+01   4.0685e+00  -4.6282e+00   9.5186e+00   1.7053e+01\n",
      "    3.6694e+00  -2.7508e+00   9.7445e+00   3.0037e+00]\n",
      " [ -3.7728e+01  -2.2237e+01   2.0208e+01   1.3793e+01   2.4169e+00\n",
      "    5.8696e+01   3.7264e+01   6.7908e-01   2.9208e+01   2.5800e+01\n",
      "   -1.9697e+01   1.5836e+01   4.1568e+00  -2.4505e+01  -2.1428e+00\n",
      "    1.8107e+01   3.5938e+00  -4.0881e+00   8.4080e+00   1.5063e+01\n",
      "    3.2413e+00  -2.4298e+00   8.6075e+00   2.6532e+00]\n",
      " [  2.8803e+01   1.6977e+01  -1.5427e+01  -1.0530e+01  -1.8451e+00\n",
      "   -4.4810e+01  -2.8449e+01  -5.1843e-01  -2.2298e+01  -1.9697e+01\n",
      "    1.5037e+01  -1.2090e+01  -3.1735e+00   1.8708e+01   1.6359e+00\n",
      "   -1.3824e+01  -2.7436e+00   3.1210e+00  -6.4189e+00  -1.1499e+01\n",
      "   -2.4745e+00   1.8550e+00  -6.5713e+00  -2.0255e+00]\n",
      " [ -2.3158e+01  -1.3649e+01   1.2404e+01   8.4661e+00   1.4835e+00\n",
      "    3.6027e+01   2.2873e+01   4.1682e-01   1.7928e+01   1.5836e+01\n",
      "   -1.2090e+01   9.7202e+00   2.5515e+00  -1.5041e+01  -1.3152e+00\n",
      "    1.1114e+01   2.2058e+00  -2.5093e+00   5.1608e+00   9.2456e+00\n",
      "    1.9895e+00  -1.4914e+00   5.2833e+00   1.6285e+00]\n",
      " [ -6.0787e+00  -3.5828e+00   3.2558e+00   2.2223e+00   3.8940e-01\n",
      "    9.4568e+00   6.0039e+00   1.0941e-01   4.7059e+00   4.1568e+00\n",
      "   -3.1735e+00   2.5515e+00   6.6973e-01  -3.9481e+00  -3.4524e-01\n",
      "    2.9174e+00   5.7901e-01  -6.5867e-01   1.3547e+00   2.4269e+00\n",
      "    5.2222e-01  -3.9148e-01   1.3868e+00   4.2748e-01]\n",
      " [  3.5834e+01   2.1121e+01  -1.9193e+01  -1.3100e+01  -2.2955e+00\n",
      "   -5.5749e+01  -3.5393e+01  -6.4498e-01  -2.7742e+01  -2.4505e+01\n",
      "    1.8708e+01  -1.5041e+01  -3.9481e+00   2.3274e+01   2.0352e+00\n",
      "   -1.7198e+01  -3.4133e+00   3.8829e+00  -7.9858e+00  -1.4307e+01\n",
      "   -3.0785e+00   2.3078e+00  -8.1753e+00  -2.5200e+00]\n",
      " [  3.1335e+00   1.8469e+00  -1.6783e+00  -1.1456e+00  -2.0073e-01\n",
      "   -4.8749e+00  -3.0949e+00  -5.6400e-02  -2.4258e+00  -2.1428e+00\n",
      "    1.6359e+00  -1.3152e+00  -3.4524e-01   2.0352e+00   1.7797e-01\n",
      "   -1.5039e+00  -2.9847e-01   3.3954e-01  -6.9831e-01  -1.2510e+00\n",
      "   -2.6920e-01   2.0181e-01  -7.1489e-01  -2.2036e-01]\n",
      " [ -2.6479e+01  -1.5607e+01   1.4183e+01   9.6803e+00   1.6963e+00\n",
      "    4.1194e+01   2.6153e+01   4.7660e-01   2.0499e+01   1.8107e+01\n",
      "   -1.3824e+01   1.1114e+01   2.9174e+00  -1.7198e+01  -1.5039e+00\n",
      "    1.2708e+01   2.5222e+00  -2.8692e+00   5.9010e+00   1.0572e+01\n",
      "    2.2748e+00  -1.7053e+00   6.0410e+00   1.8621e+00]\n",
      " [ -5.2553e+00  -3.0975e+00   2.8148e+00   1.9213e+00   3.3665e-01\n",
      "    8.1759e+00   5.1906e+00   9.4590e-02   4.0685e+00   3.5938e+00\n",
      "   -2.7436e+00   2.2058e+00   5.7901e-01  -3.4133e+00  -2.9847e-01\n",
      "    2.5222e+00   5.0058e-01  -5.6945e-01   1.1712e+00   2.0981e+00\n",
      "    4.5149e-01  -3.3846e-01   1.1990e+00   3.6957e-01]\n",
      " [  5.9782e+00   3.5236e+00  -3.2020e+00  -2.1856e+00  -3.8297e-01\n",
      "   -9.3006e+00  -5.9047e+00  -1.0760e-01  -4.6282e+00  -4.0881e+00\n",
      "    3.1210e+00  -2.5093e+00  -6.5867e-01   3.8829e+00   3.3954e-01\n",
      "   -2.8692e+00  -5.6945e-01   6.4779e-01  -1.3323e+00  -2.3868e+00\n",
      "   -5.1360e-01   3.8502e-01  -1.3639e+00  -4.2041e-01]\n",
      " [ -1.2295e+01  -7.2469e+00   6.5855e+00   4.4950e+00   7.8764e-01\n",
      "    1.9128e+01   1.2144e+01   2.2130e-01   9.5186e+00   8.4080e+00\n",
      "   -6.4189e+00   5.1608e+00   1.3547e+00  -7.9858e+00  -6.9831e-01\n",
      "    5.9010e+00   1.1712e+00  -1.3323e+00   2.7401e+00   4.9088e+00\n",
      "    1.0563e+00  -7.9185e-01   2.8051e+00   8.6465e-01]\n",
      " [ -2.2027e+01  -1.2983e+01   1.1798e+01   8.0527e+00   1.4111e+00\n",
      "    3.4268e+01   2.1756e+01   3.9646e-01   1.7053e+01   1.5063e+01\n",
      "   -1.1499e+01   9.2456e+00   2.4269e+00  -1.4307e+01  -1.2510e+00\n",
      "    1.0572e+01   2.0981e+00  -2.3868e+00   4.9088e+00   8.7941e+00\n",
      "    1.8924e+00  -1.4186e+00   5.0253e+00   1.5490e+00]\n",
      " [ -4.7398e+00  -2.7937e+00   2.5387e+00   1.7328e+00   3.0364e-01\n",
      "    7.3740e+00   4.6815e+00   8.5312e-02   3.6694e+00   3.2413e+00\n",
      "   -2.4745e+00   1.9895e+00   5.2222e-01  -3.0785e+00  -2.6920e-01\n",
      "    2.2748e+00   4.5149e-01  -5.1360e-01   1.0563e+00   1.8924e+00\n",
      "    4.0720e-01  -3.0526e-01   1.0814e+00   3.3332e-01]\n",
      " [  3.5532e+00   2.0943e+00  -1.9031e+00  -1.2990e+00  -2.2762e-01\n",
      "   -5.5279e+00  -3.5095e+00  -6.3954e-02  -2.7508e+00  -2.4298e+00\n",
      "    1.8550e+00  -1.4914e+00  -3.9148e-01   2.3078e+00   2.0181e-01\n",
      "   -1.7053e+00  -3.3846e-01   3.8502e-01  -7.9185e-01  -1.4186e+00\n",
      "   -3.0526e-01   2.2884e-01  -8.1064e-01  -2.4988e-01]\n",
      " [ -1.2587e+01  -7.4189e+00   6.7418e+00   4.6016e+00   8.0633e-01\n",
      "    1.9582e+01   1.2432e+01   2.2656e-01   9.7445e+00   8.6075e+00\n",
      "   -6.5713e+00   5.2833e+00   1.3868e+00  -8.1753e+00  -7.1489e-01\n",
      "    6.0410e+00   1.1990e+00  -1.3639e+00   2.8051e+00   5.0253e+00\n",
      "    1.0814e+00  -8.1064e-01   2.8717e+00   8.8517e-01]\n",
      " [ -3.8799e+00  -2.2868e+00   2.0781e+00   1.4184e+00   2.4855e-01\n",
      "    6.0361e+00   3.8321e+00   6.9834e-02   3.0037e+00   2.6532e+00\n",
      "   -2.0255e+00   1.6285e+00   4.2748e-01  -2.5200e+00  -2.2036e-01\n",
      "    1.8621e+00   3.6957e-01  -4.2041e-01   8.6465e-01   1.5490e+00\n",
      "    3.3332e-01  -2.4988e-01   8.8517e-01   2.7285e-01]]\n"
     ]
    }
   ],
   "source": [
    "mean_overall = np.mean(X_train_std, axis=0)\n",
    "d = 24 # number of features\n",
    "S_B = np.zeros((d, d))\n",
    "for i,mean_vec in enumerate(mean_vecs):\n",
    "    n = X_train[y_train==i+1, :].shape[0]\n",
    "    mean_vec = mean_vec.reshape(d, 1) # make column vector\n",
    "    mean_overall = mean_overall.reshape(d, 1) # make column vector\n",
    "    S_B += n * (mean_vec - mean_overall).dot((mean_vec - mean_overall).T)\n",
    "\n",
    "print('Between-class scatter matrix: %sx%s' % (S_B.shape[0], S_B.shape[1]))\n",
    "print(S_B)"
   ]
  },
  {
   "cell_type": "code",
   "execution_count": 18,
   "metadata": {
    "collapsed": true
   },
   "outputs": [],
   "source": [
    "eigen_vals, eigen_vecs = np.linalg.eig(np.linalg.inv(S_W).dot(S_B))"
   ]
  },
  {
   "cell_type": "code",
   "execution_count": 19,
   "metadata": {
    "collapsed": false
   },
   "outputs": [
    {
     "name": "stdout",
     "output_type": "stream",
     "text": [
      "(24,)\n",
      "Eigenvalues in decreasing order:\n",
      "\n",
      "190.694751621\n",
      "2.84217094304e-14\n",
      "1.33242649862e-14\n",
      "1.21819968399e-14\n",
      "1.21819968399e-14\n",
      "9.26585714195e-15\n",
      "9.09536566424e-15\n",
      "8.06470417112e-15\n",
      "3.36656198876e-15\n",
      "3.36656198876e-15\n",
      "2.10238326071e-15\n",
      "1.75715077365e-15\n",
      "1.75715077365e-15\n",
      "1.64993860404e-15\n",
      "1.64993860404e-15\n",
      "9.90760260312e-16\n",
      "6.16004511386e-16\n",
      "5.05117695974e-16\n",
      "3.23642666252e-16\n",
      "3.23642666252e-16\n",
      "2.11247762795e-16\n",
      "2.07899650647e-16\n",
      "2.07899650647e-16\n",
      "3.47410499307e-17\n",
      "\n",
      " Variance explained:\n",
      "\n",
      "eigenvalue 1: 100.00%\n",
      "eigenvalue 2: 0.00%\n",
      "eigenvalue 3: 0.00%\n",
      "eigenvalue 4: 0.00%\n",
      "eigenvalue 5: 0.00%\n",
      "eigenvalue 6: 0.00%\n",
      "eigenvalue 7: 0.00%\n",
      "eigenvalue 8: 0.00%\n",
      "eigenvalue 9: 0.00%\n",
      "eigenvalue 10: 0.00%\n",
      "eigenvalue 11: 0.00%\n",
      "eigenvalue 12: 0.00%\n",
      "eigenvalue 13: 0.00%\n",
      "eigenvalue 14: 0.00%\n",
      "eigenvalue 15: 0.00%\n",
      "eigenvalue 16: 0.00%\n",
      "eigenvalue 17: 0.00%\n",
      "eigenvalue 18: 0.00%\n",
      "eigenvalue 19: 0.00%\n",
      "eigenvalue 20: 0.00%\n",
      "eigenvalue 21: 0.00%\n",
      "eigenvalue 22: 0.00%\n",
      "eigenvalue 23: 0.00%\n",
      "eigenvalue 24: 0.00%\n"
     ]
    }
   ],
   "source": [
    "# Make a list of (eigenvalue, eigenvector) tuples\n",
    "eigen_pairs = [(np.abs(eigen_vals[i]), eigen_vecs[:,i]) for i in range(len(eigen_vals))]\n",
    "\n",
    "# Sort the (eigenvalue, eigenvector) tuples from high to low\n",
    "eigen_pairs = sorted(eigen_pairs, key=lambda k: k[0], reverse=True)\n",
    "\n",
    "# Visually confirm that the list is correctly sorted by decreasing eigenvalues\n",
    "print (eigen_vals.shape)\n",
    "\n",
    "print('Eigenvalues in decreasing order:\\n')\n",
    "for eigen_val in eigen_pairs:\n",
    "    print(eigen_val[0])\n",
    "    \n",
    "print('\\n Variance explained:\\n')\n",
    "eigenv_sum = sum(eigen_vals)\n",
    "for i,j in enumerate(eigen_pairs):\n",
    "    print('eigenvalue {0:}: {1:.2%}'.format(i+1, (j[0]/eigenv_sum).real))    \n",
    "    "
   ]
  },
  {
   "cell_type": "code",
   "execution_count": 20,
   "metadata": {
    "collapsed": false
   },
   "outputs": [
    {
     "data": {
      "image/png": "iVBORw0KGgoAAAANSUhEUgAAAakAAAEaCAYAAACrcqiAAAAABHNCSVQICAgIfAhkiAAAAAlwSFlz\nAAALEgAACxIB0t1+/AAAIABJREFUeJzt3Xl8VOXZ//HPFQQkSEIiEhFIQFAQN0BBRdTQDUQtWmRX\nlipa64atVWtVEn3q7u9Ra60FtaACIm5IBbEKQW21oqxaULSyI31kEYTKluv3x0yGSZhMJsskJ+T7\nfr3mNXPOuc851zkzmSvnPvfct7k7IiIiQZRS0wGIiIiURklKREQCS0lKREQCS0lKREQCS0lKREQC\n65CaDiBRZqZmiCIitZy7W3nK16orKXfXo4zH2LFjazyG2vDQedJ50nmq/kdF1KokJSIidYuSlIiI\nBJaS1EEmNze3pkOoFXSeEqPzlBidp+SxitYTVjcz89oSq4iIHMjM8IO54YSIiNQtSlIiIhJYSlIi\nIhJYSlIiIhJYSlIiIhJYSlIiIhJYSlIiIhJYSlIiIhJYSlIiIhJYSlIiIhJYSU1SZvaUmW00syVx\nyjxqZivMbJGZdU5mPCIiUrsk+0rqL0Dv0haa2blAO3c/BrgSeCLJ8YiISC2S1CTl7u8BW+IU6Qc8\nEy77TyDdzLKSGZOIiNQeNX1PqiWwJmp6XXieiIgIh9R0AOWRl5cXeZ2bm3vAGC533PEwq1dvPWC9\niRPzDpgnIiIVk+ioSQUFBRQUFFRqX0kfT8rMcoAZ7n5SjGVPAHPdfWp4ejlwjrtvjFG2zPGkRo7M\no02bvIRjW7kyjwkTEi8vIiIVF9TxpCz8iOU1YDiAmZ0ObI2VoEREpG5KanWfmU0GcoHDzWw1MBZo\nALi7j3P3mWbW18y+AHYAo5IZj4iI1C5JTVLuPjSBMtckMwYREam9arp1n4iISKmUpEREJLCUpERE\nJLCUpEREJLCUpEREJLCUpEREJLCUpEREJLCUpEREJLCUpEREJLCUpEREJLCUpEREJLCUpEREJLCU\npEREJLCUpEREJLCUpEREJLCUpEREJLCUpEREJLCUpEREJLCUpEREJLCUpEREJLCUpEREJLCUpERE\nJLCUpEREJLCUpEREJLCUpEREJLCUpEREJLCUpEREJLCUpEREJLCUpEREJLCUpEREJLCUpEREJLCS\nnqTMrI+ZLTezz83s5hjL08zsNTNbZGZLzWxksmMSEZHaIalJysxSgMeA3sDxwBAz61ii2NXAp+7e\nGegFPGRmhyQzLhERqR2SfSXVHVjh7qvcfQ/wPNCvRBkHmoRfNwE2ufveJMclIiK1QLKTVEtgTdT0\n2vC8aI8BncxsPbAYuD7JMYmISC0RhGq13sBCd/+BmbUD/mZmJ7n7dyUL5uXlRV7n5uaSm5tbbUGK\niEj5FBQUUFBQUKltJDtJrQOyo6ZbhedFGwXcA+DuX5rZV0BH4KOSG4tOUiIiEmwlLyby8/PLvY1k\nV/fNB9qbWY6ZNQAGA6+VKLMK+BGAmWUBxwL/TnJcIiJSCyT1Ssrd95nZNcCbhBLiU+6+zMyuDC32\nccD/ABPMbEl4tZvcfXMy4xIRkdoh6fek3P0NoEOJeX+Oer2B0H0pERGRYtTjhIiIBFaZV1JmVh+4\nCjg7PGse8ET4d08iIiJJk0h135+A+sDj4elLw/MuT1ZQIiIikFiS6ubuJ0dNzzGzxckKSEREpEgi\n96T2hX9kC4CZHQ3sS15IIiIiIYlcSf0GmGtm/wYMyCH0A1wREZGkKjNJufvbZnYM+5uRf+buu5Ib\nloiISJwkZWY/cPc5ZvazEovamxnu/nKSYxMRkTou3pXUOcAc4IIYyxxQkhIRkaQqNUm5+9jwyzvd\n/avoZWbWNqlRiYiIkFjrvpdizHuxqgMREREpKd49qY6EhnxPL3FfKg04NNmBiYiIxLsn1QE4H2hK\n8ftS24HRyQxKREQE4t+Tmg5MN7Mz3P39aoxJREQESOzHvAvN7GpCVX+Raj53/3nSohIRESGxhhPP\nAkcSGvNpHqEh4LcnMygRERFILEm1d/fbgR3uPhE4DzgtuWGJiIgklqSKxo3aamYnAOlA8+SFJCIi\nEpLIPalxZpYB3Aa8BhwG3J7UqERERCgjSZlZCrDN3bcA7wBHV0tUIiIilFHd5+6FwE3VFIuIiEgx\nidyTesvMbjSz1maWWfRIemQiIlLnJXJPalD4+eqoeY6q/kREJMkSGfRQPZ6LiEiNSKS6T0REpEYo\nSYmISGApSYmISGDFG08qO/xyn7uvq6Z4REREIuI1nJhIqBXfZuDi6glHRERkv3hJKi/8vKsa4hAR\nETlAvCQ1Mvy8Ffgg+aGIiIgUF29k3lEAZlavMjswsz7Aw4QaaTzl7vfFKJML/C9QH/g/d+9VmX2K\niMjBIZHWfSvM7AEz61TejYc7qH2M0ICJxwNDzKxjiTLpwB+B8939BGBAefcjIiIHp0SS1MnA58CT\nZvaBmV1hZmkJbr87sMLdV7n7HuB5oF+JMkOBl4paELr7NwluW0REDnKJdIu0HRgPjDezc4DJwP+a\n2YvAXe7+RZzVWwJroqbXEkpc0Y4F6pvZXEJjVT3q7s+W4xhEyqVNmzasWrWqpsMQOWjl5OSwcuXK\nKtlWmUkqfE/qPGAU0AZ4CJgEnAXMJJRkKhtDV+AHQGPgfTN7P1byy8vLi7zOzc0lNze3kruWumjV\nqlW4e02HIXLQMjMACgoKKCgoqNS2EukFfQUwF3jA3f8RNf9FMzu7jHXXAdlR063C86KtBb5x9++B\n783sHUJVjHGTlIiIBFvJi4n8/PxybyORe1LD3f2y6ARlZmcCuPt1Zaw7H2hvZjlm1gAYTGgI+mjT\ngZ5mVs/MUoHTgGUJH4GIiBy0EklSj8aY94dENu7u+4BrgDeBT4Hn3X2ZmV1pZleEyywHZgNLCP0e\na5y7/yuR7YuIyMEtXt99ZwA9gCPM7FdRi9KAhH875e5vAB1KzPtziekHgQcT3aaIiNQN8a6kGhBq\nbXcI0CTqsQ315Sdy0Jo4cSJnnXVWhdfv27cvzz5bMw10582bR+vWrSPTJ5xwAu+8806V7uOqq67i\n97//fYXWveeee7jiiiuqJI6UlBT+/e9/x1w2efJk+vTpE7NsZeKvCfF6nJgHzDOzCe6u9roidUhR\n66yy5Ofn8+WXX/LMM89E5s2cOTMpMaWkpFBYWEivXr3Iz8/n7LNjt9uKjv2TTz6p8jj+9Kc/VXjd\n3/72t1UWR7z3aOjQoQwdOjRm2ej4582bxyWXXMKaNWtIxMSJE5k3bx5jx44lNzeXr776qgKRl0+8\n6r6H3X0M8JiZHdBe191/mtTIRESiJJo4k6mwsJCUlGAMw1een1GUVtbdA3Fe44l3touu1x8k9Nuo\nkg8RqWJr166lf//+NG/enCOOOILrrgs1oM3Pz+fSSy+NlFu1alXkygKgV69e3H777Zx55pk0adKE\nfv36sXnzZi655BLS09M57bTTWL16dcx1i9Z/+umnY8Y0ZswYsrOzSU9Pp1u3brz33nsAzJ49m7vv\nvpupU6fSpEkTunTpUmxbu3fvJiMjg3/9a387qG+++YbU1FS++SbUscxf//pXunTpQkZGBj179mTp\n0qVlnqPoL9Xvv/+ekSNHkpmZyQknnMD8+fOLlW3bti1z5swBYP78+XTr1o309HRatGjBjTfeGCn3\n3nvvceaZZ5KRkUFOTk7kynDUqFH88pe/5LzzzqNJkyYUFBQwatQo7rjjDmB/9eIDDzxAVlYWLVu2\nZPr06cyaNYsOHTrQrFkz7rnnnsh+ot/HovfhmWeeIScnh+bNm3P33XdHys6fP58ePXqQkZFBy5Yt\nufbaa9m7d2+x43v99ddp164dzZs356abborMj1dlWxT/zp076du3L+vXr6dJkyakpaWxYcMGGjdu\nzJYtWyLlFyxYQPPmzdm3b1+p70MylZqk3P3j8PO8WI9qiU6kDiksLOT888+nbdu2rF69mnXr1jF4\n8ODI8pJfCiWnp06dyqRJk1i/fj1ffPEFPXr04LLLLmPLli107Nix2G9UyvMF0717d5YsWcKWLVsY\nOnQoAwYMYPfu3fTu3Ztbb72VQYMGsX37dhYuXFhsvQYNGtC/f3+mTJkSmffCCy+Qm5tLs2bNWLhw\nIZdddhnjx49n8+bNXHnllfz0pz9lz549MeMo+pKcM2dOpKovLy+Pr776iq+++orZs2czceLEUo/j\n+uuvZ8yYMXz77bd8+eWXDBw4EAgli759+3L99dfzzTffsGjRIjp37hxZb8qUKdx+++1s376dM888\n84Dtfv311+zevZv169eTn5/P6NGjmTRpEgsXLuSdd97hrrvuKtbDSclz//e//50VK1bw1ltvceed\nd/LZZ58BUK9ePR5++GE2b97M+++/z5w5c3j88ceLrfvqq6+yYMECFixYwPTp04v9o1HWe5yamsqs\nWbM46qij2L59O9u2baNFixb06tWLF154IVLuueeeY8iQIdSrV48RI0bw9NNPk5OTU+r9sKpWapIy\ns6VmtqS0R7VEJ1IDzKrmUV4ffvghGzZs4P777+fQQw+lQYMG9OjRI+H1R40aRZs2bWjSpAnnnnsu\n7dq1o1evXqSkpDBgwIADkkiihg4dStOmTUlJSeGGG25g165dkS/SsgwZMqRYkpo8eTLDhg0DYPz4\n8fziF7/g1FNPxcy49NJLadiwIR98kPjIQNOmTeO2224jPT2dli1bRq48Y2nQoAFffPEFmzZtIjU1\nle7dQz20TZkyhR//+McMHDiQevXqkZGRwUknnRRZr1+/fpx++ukANGzYMOZ2b731VurVq8fgwYP5\n5ptvGDNmDKmpqXTq1IlOnTqxePHimDGZGXl5eTRo0ICTTjqJk08+OVK2a9eudO/eHTMjOzubK664\ngnnzil8f3HLLLaSnp9OqVSvGjBlT7FxX1PDhwyMNXwoLC5kyZUqxq/jqFq+673zggjgPkYOSe9U8\nymvNmjXk5ORU+J5HVlZW5HWjRo0OmP7uu+8qtN0HH3yQTp06kZGRQUZGBtu2bYtU15WlV69e/Pe/\n/2X+/PmsWrWKxYsXc+GFFwKhK5iHHnqIzMxMMjMzycjIYO3ataxfvz7h2NavX0+rVq0i0zk5OaWW\nfeqpp/jss8/o2LEjp512Gq+//joQOu/t2rUrdb3o1oKxHH744ZGrlkaNGgHQvHnzyPKyzn30+5Sa\nmhopu2LFCi644AJatGhB06ZN+d3vfnfAeS957OU5d6Xp168fy5YtY9WqVbz55ps0bdqUU089tdLb\nrah4rfvUok+kGrVu3ZrVq1fHvDnfuHFjdu7cGZnesGFDhffTuHFjAHbu3Mlhhx0GhKqsYnn33Xd5\n4IEHmDt3Lp06hUbryczMjNyIL6tKKSUlhYEDBzJ58mSysrI4//zzI/tv3bo1v/vd7yrV4u2oo45i\nzZo1HHfccQBxOw5u164dkydPBuCll17i4osvZvPmzbRu3ZoPP/yw1PVqqmHBVVddRdeuXZk6dSqp\nqak88sgjvPTSS8XKRB/76tWrOeqoo8q1j1jH1rBhQwYOHMizzz7L8uXLa/QqCuJX970Xft5uZttK\nPldfiCJ1Q/fu3WnRogW33HILO3fuZNeuXfzjH6HeyDp37sw777zDmjVr+Pbbb7n33nsrvJ9mzZrR\nsmVLnnvuOQoLC3n66af58ssvY5b97rvvqF+/Pocffji7d+/mzjvvZPv27ZHlWVlZrFy5Mm5LsyFD\nhjB16lQmT55crFn06NGjeeKJJyIJYseOHcycOZMdO3YkfCwDBgzgnnvuYevWraxdu5bHHnus1LKT\nJk2KXImkp6djZqSkpDBs2DDefvttXnzxRfbt28fmzZtLrZ6ravHO2/bt20lLSyM1NZXly5fHbPr+\nwAMPsHXrVtasWcMjjzxS7B5mIrKysti0aRPbthX/Sr/00kuZMGECM2bMCG6Scvee4ecm7p5W8rn6\nQhSpG1JSUpgxYwYrVqwgOzub1q1bR25g/+hHP2LQoEGcdNJJdOvWjQsuKF7jXt7/9sePH8/9999P\ns2bNWLZsWcwGAQC9e/emd+/eHHvssbRt25bU1NRi1V8DBgzA3Tn88MMjVUIlY+nevTuNGzdmw4YN\nnHvuuZH5p5xyCuPHj+eaa64hMzOTY489Nm7Dh1jGjh1LdnY2bdu2pU+fPgwfPrzY8uhY3njjDY4/\n/njS0tK44YYbmDp1Kg0bNqR169bMnDmTBx98kMzMTLp06cKSJRW/7V5WA5dEyz744INMmjSJtLQ0\nrrzyygMSkJnRr18/TjnlFLp27coFF1zAz3/+84T2U6RDhw4MGTKEo48+mszMzMgVdY8ePUhJSaFr\n165lVncmmyXS1t7MugI9AQfec/eK3YGtBDPzsmIdOTKPNm3yEt7mypV5TJiQeHk5OJiZhuoQKcMP\nf/hDhg0bVmrii6e0v7Hw/HL9R1XmHVozuwOYCBwONAMmmNlt5dmJiIjUHvPnz2fhwoUMGjSopkNJ\naDypYcDJ4fGeMLN7gUXA/yQzMBERqX4jR45k+vTpPProo5FGLjUpkSS1HjgU+D483ZADBy4UEZGD\nwIQJE2o6hGLi9d33B0L3oL4FPjWzv4WnfwyU3l5TRESkisS7kvoo/Pwx8ErU/IKkRSMiIhIl3o95\ny9cWVEREpIqVeU/KzI4B7gE6Ebo3BYC7H53EuERERMpugg78BfgTsBfoBTwDPJfMoERERCCxJNXI\n3d8m9MPfVe6eB5yX3LBE6qbKDHcePc7Re++9F+nTrSzxhnuPNfZURUXHVxXbKM8xlkeTJk1YuXJl\nhdatquHq440HBcXfs5JlKxN/ECXSBH2XmaUAK8zsGkLNzw9Lblgi1euOOx5m9eqtSdt+dnZT7rxz\nTJnlqmq48549e7Js2bKEypY13Ht1dLBakWHJy3OM5RHdN2F5VeVw9fHOe8n3LLpsdPyjRo2idevW\n3HnnnQnts1evXuTn5zN37lzMrNL/VFSFRJLU9UAqcB1wF/ADYEQygxKpbqtXby1Xl1rltXJl8rYt\nVWPfvn3Uq1evpsOQEsqs7nP3+e7+nbuvdfdR7v4zd098VDIRSVj0cOf5+fkMGjSIESNGkJaWxokn\nnsiCBQsiZRcuXMgpp5xCeno6gwcP5vvvv48sKxrWHOD+++9nwIABxfZTNEotFB86vrCwkBtvvJEj\njjiC9u3bR8ZcihVfUYzRvWQPHDiQFi1akJGRQW5ubrGh4xMVfVWQ6DEC3HfffbRq1Yq0tDSOO+44\n5s6dGzmmu+++m/bt25Oenk63bt1Yty7UH0FKSgqPP/44xx57LMcee2xkXtGos6NGjeLqq6+mb9++\nNGnShLPOOouNGzdyww03kJmZecCAhuV5/+677z7at29PWloaJ5xwAq+++mqx81BYWMi1115L06ZN\n6dSpU7HzHv2elVQU//jx45k0aRL3338/aWlp9OvXjwcffJCLL764WPnrrruOG264odi5r6nhSWJJ\npO++Y81svJm9aWZzih7VEZxIXTdjxgyGDh3Kt99+ywUXXMDVV18NwJ49e7jooosYMWIEmzdvZsCA\nAQeMNVT0RTN48GBmzZoVGQKjsLCQadOmRUbIjTZu3DhmzpzJ4sWL+eijj3jxxRfLjDH6C61v3758\n+eWX/Oc//6Fr164x9xFLrGHJy3OMn3/+OX/84x/5+OOP2bZtG7Nnz6ZNmzYAPPTQQ0ydOpU33niD\nb7/9lqeffprU1NTINqZPn86HH34YSaglv6CnTZvG3XffzaZNm2jQoAFnnHEGp556Kps2baJ///6R\nL/hYSnv/ANq3b8/f//53tm3bxtixY7nkkkvYuHFjZPk///lPjjnmGDZt2kReXh4/+9nP2Lq17Crp\novhHjx7NsGHDuOmmm9i2bRvTp0/nkksuYfbs2ZGhOfbt28fUqVMZMSJUOTZnzhzOPvts7rjjjkBU\n9UFiDSemAQuA24DfRD1EJMl69uxJ7969I8OrFw0h8f7777N3716uu+466tWrR//+/enWrVvMbWRn\nZ9O1a1deeSX0m/y3336bxo0bxyw/bdo0xowZw1FHHUXTpk3LPSDhyJEjSU1NpX79+txxxx0sXry4\nwvd4Pvjgg4SPsV69euzevZtPPvmEvXv3RobvgNCIvL///e9p3749ACeeeCIZGRmRdW+99VaaNm0a\nGRq+ZO/dF110EZ07d6ZBgwZcdNFFNGrUiGHDhmFmDBo0iEWLFpV6DKW9fwD9+/ePjMo7YMAAjjnm\nmGKDL2ZlZUWOfeDAgXTo0OGAK9tY4vXwf+SRR3L22Wczbdo0AGbNmsURRxxB586dy9xuTUkkSe11\n9z+5+4fu/nHRI+mRiQhHHnlk5HVqairff/89hYWFbNiwgZYtWxYrG2/o9CFDhjBlyhQApkyZUmzw\nwWjr168vVoUWb5slFRYWcsstt9C+fXuaNm1K27ZtMbOEh5qPFUuix9iuXTsefvhh8vLyyMrKYujQ\noZGxkdasWcPRR5f+s87oIdhjiR7evVGjRgdMxxsavrT3D+CZZ56hS5cuZGRkkJGRwaefflrsXMU6\n9qoYHn748OE891zoV0STJk2q8UENy5JIkpphZr80sxZmlln0SHpkIlKqFi1aRO6rFFm9enWp5QcM\nGEBBQQHr1q3jlVdeKTVJtWjRgjVr1kSmSw7HXnIY++hh5ydNmsSMGTOYM2cOW7dujYzYW9Gxu8p7\njIMHD+bdd9+NxHzzzTcDoWHqSxt5GGrm/svq1au54oorePzxx9myZQtbtmzh+OOPL3auYh17VQwP\nf+GFF7JkyRI+/fRT/vrXvyZcJVtTEklSIwhV7/2DUD9+H7O/Xz8RqUZFX2JnnHEGhxxyCH/4wx/Y\nu3cvL7/8crGqopKaNWvGOeecw6hRozj66KPp0KFDzHIDBw7k0UcfZd26dWzZsoX77ruv2PLOnTvz\n/PPPs3fv3gPuWX333Xc0bNiQjIwMduzYwW9/+9tKJYDyHOPnn3/O3Llz2b17Nw0aNKBRo0akpIS+\n3i6//HJuv/12vvjiCwCWLl3Kli1bKhxXSeVJwkVld+zYQUpKCs2aNaOwsJC//OUvBzRf37hxY+TY\np02bxvLlyznvvPL9RDUrKytyj69Iw4YN6d+/P0OHDuW0004r80qyppXZBN3d21ZHICI1KTu7aVKb\niWdnN02oXFlf6kXL69evz8svv8zll1/ObbfdRt++fenfv3/cdYcOHcqIESN44IEHSt3n6NGjWbFi\nBSeffDLp6enceOONkVZyAHfddRdDhgwhMzOTc845h2HDhrF582YgVI00e/ZsWrZsyeGHH85dd93F\nn//854SOO5byHOOuXbu45ZZbWL58OfXr16dHjx6MGzcOgF/96lfs3r2bn/zkJ2zatImOHTvyyiuv\nkJGREfN8lzexRpdP9P077rjj+PWvf83pp59OvXr1GD58OD179ixW9vTTT2fFihU0a9aMI488kpde\neommTZuWuZ/oZZdddhkDBgwgMzOT3NxcXn75ZSDUUOXJJ58M3LAcsZQ6fLyZ/cDd55jZz2Itd/eX\nkxrZgfFo+HipEho+Xuq6NWvWcNxxx/H1119z2GFV3zdDVQ4fH+9K6hxgDnBBjGUOVGuSEhGRyiss\nLOShhx5i8ODBSUlQVS3eUB1jw8+jKrMDM+sDPEzo/tdT7n5fKeW6EbrvNai6r9JEROqCnTt3kpWV\nRdu2bZk1a1ZNh5OQRIbqaAoMB9pEl3f36xJYNwV4DPghoWHo55vZdHdfHqPcvcDs8gQvIiKJS01N\nrVTfhDUhkb77ZgIfAEuB8naF3B1Y4e6rAMzseaAfsLxEuWuBF4HYv9QTEZE6KZEkdai7/6qC228J\nrImaXksocUWY2VHAhe7ey8yKLRMRkbotkST1rJmNBv4K7Cqa6e6bqyiGh4Gbo6ZLbfmRl5cXeZ2b\nm0tubm4VhSAiIlWtoKCAgoKCSm0jkSS1G3gA+B2hVn2EnxMZPn4dkB013So8L9qpwPMWatzfDDjX\nzPa4+2slNxadpEQqKicnJ1C9PIscbIq6ryp5MZGfn1/ubSWSpH4NtHf3inTANR9ob2Y5wAZgMDAk\nuoC7R5Kdmf0FmBErQYlUlYNp1FKRg10iSeoLYGeZpWJw933h0XzfZH8T9GVmdmVosY8ruUpF9iMi\nIgenRJLUDmCRmc2l+D2pMpugh8u9AXQoMS9mXynu/vNEtikiInVDIknq1fBDRESkWiXSwezE6ghE\nRESkpFKTlJm94O4DzWwpMe4VuftJSY1MRETqvHhXUteHn8+vjkBERERKitfB7AYzqwdMcPde1RiT\niIgIUMbIvO6+Dyg0s/RqikdERCQikdZ93wFLzexvhJqjA4k3QRcREamoRJLUy2iAQxERqQGJJKkX\nge/DVX+E71M1TGpUIiIilHFPKuxtoFHUdCPgreSEIyIisl8iSepQd/+uaCL8OjV5IYmIiIQkkqR2\nmFnXogkzOwX4b/JCEhERCUnkntQYYJqZrSc0IOGRwKCkRiUiIkJifffNN7OO7O/J/DN335PcsERE\nRBKo7jOzAYTuS30CXAhMja7+ExERSZZE7knd7u7bzawn8EPgKeBPyQ1LREQksSS1L/x8HjDe3V8H\nGiQvJBERkZBEktQ6M/szocYSM82sYYLriYiIVEoiyWYgMBvo7e5bgUzgN0mNSkREhPiDHqa5+zbg\nUKAgPC8T2AV8VC3RiYhInRavCfpkQgMefkxoZF6LWubA0UmMS0REJO6gh+eHn9tWXzgiIiL7xavu\ni/tbKHdfUPXhiIiI7Bevuu+h8POhwKnAYkJVficRuid1RnJDExGRuq7U1n3u3svdewEbgK7ufqq7\nnwJ0AdZVV4AiIlJ3JdIEvYO7Ly2aCHePdFzyQhIREQlJpBf0JWb2JPBceHoYsCR5IYmIiIQkkqRG\nAVcB14en30F994mISDVIZKiO74H/DT9ERESqTbwm6HMJ/Wh3s7tfXH0hiYiIhMS7khpJKEnti1NG\nREQkaeK17isIP16uzA7MrI+ZLTezz83s5hjLh5rZ4vDjPTM7sTL7ExGRg0e8bpEq3R2SmaUAjxEa\nLHE9MN/uqgyVAAAKV0lEQVTMprv78qhi/wbOdvdvzawPMB44vbL7FhGR2i/Z40J1B1a4+yp33wM8\nD/SLLuDuH7j7t+HJD4CWSY5JRERqiWQnqZbAmqjptcRPQpcDs5IakYiI1BqJ/E6qWphZL0K/yepZ\nWpm8vLzI69zcXHJzc5Mel4iIVExBQQEFBQWV2kayk9Q6IDtquhUx+v0zs5OAcUAfd99S2saik5SI\niARbyYuJ/Pz8cm8j2dV984H2ZpZjZg2AwcBr0QXMLBt4CbjU3b9McjwiIlKLJPVKyt33mdk1wJuE\nEuJT7r7MzK4MLfZxwO1AJvC4mRmwx927JzMuERGpHZJ+T8rd3wA6lJj356jXo4HRyY5DRERqn2RX\n94mIiFSYkpSIiASWkpSIiASWkpSIiASWkpSIiASWkpSIiASWkpSIiASWkpSIiASWkpSIiASWkpSI\niASWkpSIiASWkpSIiASWkpSIiASWkpSIiASWkpSIiASWkpSIiASWkpSIiASWkpSIiASWkpSIiASW\nkpSIiASWkpSIiASWkpSIiASWkpSIiASWkpSIiASWkpSIiASWkpSIiASWkpSIiASWkpSIiASWkpSI\niASWkpSIiASWkpSIiARW0pOUmfUxs+Vm9rmZ3VxKmUfNbIWZLTKzzsmOSUREaoekJikzSwEeA3oD\nxwNDzKxjiTLnAu3c/RjgSuCJZMYkIiK1R7KvpLoDK9x9lbvvAZ4H+pUo0w94BsDd/wmkm1lWkuMS\nEZFaINlJqiWwJmp6bXhevDLrYpQREZE66JCaDqA88vLyIq9zc3PJzc0ttjw7uykrV+aRqOzsppHX\nBQUFFBQUJLxu9P4rum5N7LO2rFvb4q2pdWtbvDW1bm2Lt6bWrap9FinvNmIxd6/UBuJu3Ox0IM/d\n+4SnbwHc3e+LKvMEMNfdp4anlwPnuPvGEtvyZMYqIiLJZWa4u5VnnWRX980H2ptZjpk1AAYDr5Uo\n8xowHCJJbWvJBCUiInVTUqv73H2fmV0DvEkoIT7l7svM7MrQYh/n7jPNrK+ZfQHsAEYlMyYREak9\nklrdV5VU3SciUrsFsbpPRESkwpSkREQksJSkREQksJSkREQksJSkREQksJSkREQksJSkREQksJSk\nREQksJSkREQksJSkREQksJSkREQksJSkDjKVHbulrtB5SozOU2J0npJHSeogoz+WxOg8JUbnKTE6\nT8mjJCUiIoGlJCUiIoFVq8aTqukYRESkcso7nlStSVIiIlL3qLpPREQCS0lKREQCS0lKREQCq1Yk\nKTPrY2bLzexzM7u5puMJKjNbaWaLzWyhmX1Y0/EEhZk9ZWYbzWxJ1LwMM3vTzD4zs9lmll6TMQZB\nKedprJmtNbMF4UefmoyxpplZKzObY2afmtlSM7suPF+fpygxztO14fnl/jwFvuGEmaUAnwM/BNYD\n84HB7r68RgMLIDP7N3CKu2+p6ViCxMx6At8Bz7j7SeF59wGb3P3+8D8+Ge5+S03GWdNKOU9jge3u\n/v9qNLiAMLMjgSPdfZGZHQZ8DPQDRqHPU0Sc8zSIcn6easOVVHdghbuvcvc9wPOEDlYOZNSO97Ra\nuft7QMnE3Q+YGH49EbiwWoMKoFLOE4Q+VwK4+9fuvij8+jtgGdAKfZ6KKeU8tQwvLtfnqTZ8obUE\n1kRNr2X/wUpxDvzNzOab2eiaDibgmrv7Rgj9QQHNazieILvGzBaZ2ZN1vRormpm1AToDHwBZ+jzF\nFnWe/hmeVa7PU21IUpK4M929K9AXuDpcfSOJCXa9d815HDja3TsDXwOq9gPCVVgvAteHrxRKfn70\neSLmeSr356k2JKl1QHbUdKvwPCnB3TeEn/8PeIVQVanEttHMsiBSf/6fGo4nkNz9/3z/jevxQLea\njCcIzOwQQl+8z7r79PBsfZ5KiHWeKvJ5qg1Jaj7Q3sxyzKwBMBh4rYZjChwzSw3/14KZNQZ+AnxS\ns1EFilG8Lvw1YGT49QhgeskV6qhi5yn8hVvkZ+gzBfA08C93fyRqnj5PBzrgPFXk8xT41n0QaoIO\nPEIoqT7l7vfWcEiBY2ZtCV09OXAIMEnnKcTMJgO5wOHARmAs8CowDWgNrAIGuvvWmooxCEo5T70I\n3U8oBFYCVxbde6mLzOxM4B1gKaG/NQduBT4EXkCfJyDueRpKOT9PtSJJiYhI3VQbqvtERKSOUpIS\nEZHAUpISEZHAUpISEZHAUpISEZHAUpISEZHAUpKSWs/MtseYd6WZXVLNccwNDymzyMz+ZWaPRvdN\nZmbvVcE+TjGzh8u5zjgz61jZfZfYZrqZXVWV2xSJRb+TklrPzLa5e1oN7NeiunjBzOYCv3L3heEu\nYe4FTnX33CraXz1331cV26qscKehM9z9xBoORQ5yupKSg1J4cLVfhV/PNbN7zeyf4SudM8PzU8zs\n/vD8RUU9x5tZYzN7y8w+Cg8i+dPw/Jzw+hPNbCmhfiQP2DWAu+8FbgKyzezE8Prbw89Hmtm88KBv\nS6Li6WNmH4dj+VvUcTwTvgp7xszOMbMZUcsmmNk7ZvaVmV1kZveFtznTzOpFHX/XohjM7H/C+/iH\nmR0Rnn++mX0Q3v+bUfPHWmgwxLlm9oWZXRM+znuAo8PHcF9pxyRSWUpSUlfUc/fTgBuAvPC8y4Ct\n4fndgSvMLAf4L3Chu58K/AB4KGo77YHH3P1Ed48eQuYA7l4ILAaKqtqKrrqGAm+Ee6w/GVhkZs2A\nccBF4R6iB0Rt6jjgB+4+rMR2AI4m1JVRP+A54O3wgIXfA+fFCKsx8I/wPt4FioZ0edfdT3f3U4Cp\nhBJskQ7Aj4HTgLxw8rsF+NLdu7r7zbGOKd65EUnUITUdgEg1eTn8/DGQE379E+BEMytKCGnAMYR6\n2b/XzM4i1MfYUWZWND7QKnefX479xhrgbT7wlJnVB6a7+2Iz6wXMc/fVACX6fXvN3XeXsv1Z7l4Y\nvrJLcfc3w/OXAm1ilN/l7jPDrz8GfhR+3drMXgBaAPWBr6LWeT18ZbjJzDYCWYkcUynxipSLrqSk\nrtgVft7H/n/ODLjW3buEH+3c/S1gGKFOVru4exdCwy4cGl5nR6I7NLMU4ETgX9Hz3f1d4GxCyfAv\nUQ08ShuxNN4+d4W36cCeqPmFxP4nNLpM9Ln4A/Bo+CrsF+w/3sg+4m23xDFNqO5GK3LwUpKSg0F5\nhzcvKj8b+GW4kQNmdoyZpQLpwH/CVyi92H/llci+LLytooYTq9390xLLssPbfwp4CuhKaHTXs8LV\njZhZRjmPKZHY4pVJA9aHX49IYDvbgSaRjRY/picJHZNIpam6Tw4GjcxsNaEvYCc02mf0fZvSRk19\nklCV2AIzM0JXTBcCk4AZZrYY+AhYFmdbJT1nZruAhsBbhO4VlVw3F/iNme0h9GU/3N2/MbMrgFei\nYuldxr5KKi22eOeiSD7wopltBuYQu6owsr67bw43vFgCzAI+pcQxlTN2kZjUBF1ERAJL1X0iIhJY\nSlIiIhJYSlIiIhJYSlIiIhJYSlIiIhJYSlIiIhJYSlIiIhJY/x8GbyugCuY/uwAAAABJRU5ErkJg\ngg==\n",
      "text/plain": [
       "<matplotlib.figure.Figure at 0x119e4d3c8>"
      ]
     },
     "metadata": {},
     "output_type": "display_data"
    }
   ],
   "source": [
    "import matplotlib.pyplot as plt\n",
    "%matplotlib inline\n",
    "\n",
    "tot = sum(eigen_vals.real)\n",
    "discr = [(i / tot) for i in sorted(eigen_vals.real, reverse=True)]\n",
    "cum_discr = np.cumsum(discr)\n",
    "\n",
    "plt.bar(range(1, 25), discr, alpha=0.5, align='center',\n",
    "        label='individual \"discriminability\"')\n",
    "plt.step(range(1, 25), cum_discr, where='mid',\n",
    "         label='cumulative \"discriminability\"')\n",
    "plt.ylabel('\"discriminability\" ratio')\n",
    "plt.xlabel('Linear Discriminants')\n",
    "plt.ylim([-0.1, 1.1])\n",
    "plt.legend(loc='best')\n",
    "plt.tight_layout()\n",
    "# plt.savefig('./figures/lda1.png', dpi=300)\n",
    "plt.show()"
   ]
  },
  {
   "cell_type": "code",
   "execution_count": 21,
   "metadata": {
    "collapsed": false
   },
   "outputs": [
    {
     "data": {
